0.338750 -0.101454 0.152528
0.237288 -0.408395 0.024116
0.156119 -0.653950 -0.078614
0.091183 -0.404425 -0.160797
0.039235 -0.204804 -0.226544
-0.142012 -0.045107 -0.002601
-0.287009 0.082650 0.176554
-0.263319 0.184855 0.181608
-0.347060 0.063509 0.055271
-0.451047 0.020887 -0.053689
-0.534237 0.135446 -0.002587
-0.374656 0.300409 -0.205541
-0.193749 0.359062 -0.400610
-0.188711 0.405988 -0.280124
-0.321144 0.176245 -0.106623
-0.377963 -0.059985 0.142687
-0.336082 -0.077908 0.292785
-0.275774 0.163863 0.011151
-0.114644 0.249826 0.049285
0.014261 0.318596 0.079792
-0.051554 0.150044 -0.125164
-0.345114 -0.225411 -0.007449
-0.170115 -0.061593 -0.242136
-0.030117 0.069464 -0.429886
-0.057805 0.025653 -0.303544
-0.614728 -0.327454 0.191961
-0.246119 -0.440539 0.332203
0.048768 -0.531008 0.444397
0.144990 -0.306068 0.257611
0.221967 -0.126117 0.108183
0.143862 -0.130814 -0.149631
0.081378 -0.134569 -0.355881
0.171078 0.011083 -0.382611
0.242838 0.127602 -0.403996
0.020871 0.369475 -0.559373
-0.156703 0.562973 -0.683675
-0.159074 0.420460 -0.506576
0.176163 0.297965 -0.763099
0.163813 0.136842 -0.775231
-0.501259 0.532222 -0.386922
-0.574407 0.841826 -0.545715
-0.632925 1.089508 -0.672749
-0.819427 0.990343 -0.359564
-0.968628 0.911010 -0.109017
-0.932041 1.064354 0.002885
-0.779345 0.672904 -0.095598
-0.657187 0.359744 -0.174385
-0.559462 0.555187 0.039127
-0.481281 0.711544 0.209936
-0.418737 0.390658 0.208313
-0.468360 0.225894 0.344247
-0.548088 0.299451 0.454032
-0.662895 0.672957 -0.134538
-0.484934 0.912000 0.484325
-0.281971 0.848337 0.151283
-0.119601 0.797405 -0.115150
-0.129393 0.756663 0.086515
-0.137226 0.724068 0.247847
-0.283180 0.697993 0.238642
-0.147341 0.487753 0.216903
-0.011897 0.360284 0.213886
-0.043229 0.555622 0.073203
-0.104390 0.401753 0.047475
0.162151 0.142826 0.078344
0.266595 0.067284 0.122796
0.249627 0.256788 0.289516
0.305678 0.324166 0.410247
0.134952 0.153612 0.335214
0.277126 0.312036 0.038305
0.048301 0.368367 -0.205532
-0.281206 0.152167 -0.418389
-0.398364 -0.056843 -0.432617
-0.492091 -0.075395 -0.305729
-0.567072 -0.090237 -0.204219
-0.627057 0.046548 -0.399552
-0.675045 0.155975 -0.555819
-0.573748 0.094861 -0.680832
-0.492710 0.045971 -0.780842
-0.707255 0.155512 -0.722580
-0.878891 0.243148 -0.675970
-0.876512 0.164598 -0.776953
-0.733399 0.051488 -0.645827
-0.709195 -0.046641 -0.232175
-0.445364 0.331246 0.040455
-0.310283 0.364177 0.030708
-0.142251 0.112764 0.064931
-0.007825 -0.088366 0.092309
-0.179659 -0.100614 0.252482
-0.566788 0.030411 0.206590
-0.766518 0.143065 0.067366
-0.478218 0.233754 0.190627
-0.159217 0.218477 -0.209288
-0.162580 0.085971 -0.061289
-0.506335 -0.177641 -0.071162
-0.578468 -0.320691 -0.154836
-0.175538 -0.048423 -0.442039
0.078412 0.182736 -0.210249
0.240940 -0.472066 0.186983
0.298728 -0.556230 0.466491
0.344958 -0.623564 0.690098
0.242254 -0.380116 0.592443
0.160092 -0.185355 0.514318
0.293215 -0.707647 -0.095954
0.200860 -0.447380 -0.174670
-0.071818 -0.072594 -0.426291
-0.230854 0.060663 -0.577209
0.043010 -0.015033 -0.296758
-0.278679 -0.041944 -0.197042
-0.403741 0.173099 -0.002397
0.183800 0.056928 -0.177766
0.141994 0.433488 0.174837
-0.059804 0.316871 0.318504
-0.221242 0.223576 0.433438
-0.071018 0.000284 0.387115
0.049161 -0.178352 0.350056
-0.491739 0.106208 0.103251
-0.566790 -0.093611 0.261236
-0.626832 -0.253467 0.387623
-0.535177 -0.530005 0.212192
-0.461854 -0.751239 0.071847
-0.542882 -0.630911 0.236113
-0.607705 -0.534649 0.367525
-0.380188 -0.457638 0.196114
-0.198175 -0.396029 0.058985
0.305755 -0.427000 -0.154673
0.490267 -0.520177 -0.083374
0.001652 -0.386769 0.019296
-0.422248 0.157100 -0.428121
-0.302983 0.195345 -0.311958
-0.147984 0.657315 -0.310121
0.127276 0.644588 -0.069462
0.347484 0.634407 0.123065
-0.341167 0.887326 -0.346357
0.223847 -0.021130 0.348761
0.172040 0.278897 -0.535976
0.300862 0.094906 -0.740489
0.346665 -0.102652 -0.690298
0.243620 0.036614 -0.511874
0.139957 0.216849 -0.090509
0.402109 0.141730 0.106031
0.065187 -0.126600 0.749959
0.158125 0.314768 0.778601
0.232476 0.667862 0.801516
0.152269 0.504369 0.543306
0.088103 0.373575 0.336739
-0.004295 0.185233 0.039282
-0.063430 0.867438 0.097796
-0.114733 0.008399 0.286831
-0.125498 -0.171856 0.408099
0.334013 0.053072 0.445706
0.512874 0.012536 0.535200
-0.020815 0.147478 0.372511
0.031644 0.697526 -0.203915
0.131291 0.825412 -0.399309
0.023345 0.474409 -0.182902
-0.297178 0.517347 -0.293289
0.252000 0.277249 -0.115049
0.352036 0.123583 0.247911
0.527292 0.366260 0.238693
0.667497 0.560400 0.231319
0.779660 0.418402 0.225419
0.869391 0.304801 0.220700
1.080864 0.362578 0.078653
1.250042 0.408801 -0.034984
0.236470 0.475359 0.299153
-0.254097 0.641544 -0.415374
-0.236989 0.631971 -0.568476
-0.336276 0.181234 -0.531823
-0.442420 0.263726 -0.661635
0.184479 -0.233912 -0.318414
-0.305192 -0.365708 -0.352638
-0.696928 -0.471145 -0.380016
-0.730941 -0.555492 -0.125378
-0.758152 -0.622971 0.078332
-0.919609 -0.825611 0.103030
-1.048774 -0.987721 0.122788
-0.733044 -0.820094 0.000324
-0.480459 -0.685997 -0.097647
-0.418079 -0.430061 -0.176024
-0.368175 -0.225314 -0.238725
-0.188564 -0.210171 -0.288887
-0.044876 -0.198057 -0.329016
-0.052290 0.902610 0.376309
0.113358 0.139501 -0.409499
0.263305 -0.232158 -0.189424
0.037245 -0.215648 -0.111175
-0.143604 -0.202438 -0.048575
-0.356932 -0.688030 0.272728
-0.319257 -0.877656 0.258546
-0.481723 -0.886644 0.225056
-0.419090 -0.590579 0.082138
-0.368984 -0.353728 -0.032196
-0.548269 -0.280240 0.052051
-0.751702 -0.105457 0.358546
-0.914448 0.034373 0.603742
-0.485895 0.146236 0.661628
-0.143053 0.235727 0.707938
-0.427529 -0.138653 0.606714
-0.655110 -0.438156 0.525736
-0.557800 -0.380444 0.322682
-0.479952 -0.334274 0.160239
-0.205588 -0.492827 0.184789
-0.337870 -0.572838 -0.088345
-0.443695 -0.636847 -0.306853
-0.442175 0.624822 0.401643
0.139962 0.506995 -0.193074
0.028895 0.003037 -0.050912
-0.150284 -0.176147 0.137905
-0.293626 -0.319497 0.288959
-0.268613 -0.136862 0.409802
-0.248602 0.009248 0.506477
0.031651 -0.315519 0.147913
-0.291862 0.011793 -0.081567
0.208327 -0.164695 0.389478
0.132950 -0.013019 0.213676
-0.726736 0.345178 0.334992
-0.894476 0.394880 0.308358
-0.888980 0.583296 0.010510
-0.884583 0.734030 -0.227769
-0.626815 0.683508 0.175770
-0.461843 0.383591 -0.063739
-0.567281 0.257758 -0.843431
-0.347850 0.473601 -0.496110
-0.171555 0.635755 0.004032
-0.449852 0.471952 0.324124
-0.672968 0.347643 0.437933
-0.426816 0.104990 0.322711
-0.237821 0.394925 0.364674
-0.084281 0.434677 0.608644
0.038551 0.466480 0.527280
-0.151894 0.690239 0.534239
-0.294915 0.819583 0.467755
-0.409331 0.923059 0.276298
-0.500864 1.005839 0.123132
-0.434403 0.923408 0.000599
0.114698 -0.018772 0.104446
-0.215429 -0.106728 -0.698868
-0.345742 -0.115302 -0.933542
-0.310306 -0.419474 -0.706469
-0.281956 -0.662812 -0.524811
-0.259277 -0.857484 -0.517755
-0.241133 -1.013219 -0.512111
-0.505993 -0.840494 -0.231054
-0.048652 0.521525 0.363919
0.239567 -0.152561 -0.020340
0.157942 -0.300628 -0.114178
-0.061571 -0.259979 -0.456135
0.194715 0.277659 -0.227668
0.051758 0.184766 0.231649
-0.279467 0.139586 0.294789
-0.353675 0.034259 0.448966
-0.538471 -0.448167 0.470610
-0.604176 -0.685765 0.416853
-0.656740 -0.578530 0.512117
-0.592745 -0.424114 0.649298
-0.440038 -0.325290 0.460552
-0.140069 -0.007494 0.574383
-0.006080 -0.035916 0.638141
-0.038576 -0.207309 0.689148
-0.064572 -0.344423 0.729953
-0.377404 -0.325733 0.099569
-0.336950 -0.239778 0.486848
-0.163584 -0.221741 0.568113
0.086062 -0.463354 0.685135
-0.385260 0.245092 0.466551
0.240028 0.631528 -0.104596
-0.071604 0.170350 -0.331862
-0.106508 0.322753 -0.139736
-0.398293 0.376941 -0.347966
-0.631721 0.420290 -0.514549
-0.716421 -0.052455 -0.505543
-0.327473 -0.220540 -0.502341
0.092923 -0.313927 -0.497729
0.110540 -0.106111 -0.633049
0.054720 0.033849 -0.742616
0.010064 0.294474 -0.691999
-0.025661 0.502972 -0.651505
0.296593 0.003382 -0.105312
0.343250 0.121444 -0.043885
0.380576 -0.230080 0.005256
0.410436 -0.511298 0.044569
0.127887 -0.418037 -0.016962
0.340938 -0.359342 0.232782
-0.040337 -0.317394 0.503131
-0.345356 -0.283833 0.719410
-0.309997 0.040324 0.754163
-0.281709 0.299654 0.781965
-0.259079 0.358461 0.665936
-0.065949 0.134617 0.192813
-0.490077 -0.227717 -0.458192
-0.286086 -0.063436 -0.326190
0.315978 -0.143711 0.400786
0.253295 -0.026907 0.578046
0.101427 0.226239 0.553221
-0.114475 0.572859 -0.139183
-0.264979 0.428368 -0.070982
-0.193835 0.804656 0.436538
-0.436173 0.728704 -0.145734
-0.382650 0.701699 -0.629305
-0.339832 0.680098 -1.016162
-0.026202 0.514161 -0.910836
-0.168310 0.190251 -0.456352
-0.168400 0.067905 -0.717184
0.082980 -0.010393 -0.884116
0.032672 -0.038234 -0.528658
-0.174137 -0.371546 0.739039
0.309110 0.164894 0.399445
0.500337 0.348986 0.107068
0.506245 0.546581 0.126019
0.650659 0.853314 0.002908
0.766191 1.098699 -0.095579
0.579241 1.295006 0.240442
0.429681 1.452053 0.509259
0.170345 1.429035 0.309501
-0.037123 1.410621 0.149694
0.076277 1.247233 0.021849
0.166997 1.116525 -0.080427
0.099886 0.863301 -0.162248
0.142933 0.944628 -0.280070
0.220322 1.171752 -0.321962
0.421921 0.907482 -0.355476
0.583200 0.696064 -0.382288
0.013785 0.675588 -0.403736
-0.441746 0.659207 -0.420895
0.011264 0.501263 -0.063364
0.449403 0.266953 -0.465672
0.374772 -0.084696 -0.293444
0.405793 -0.246334 -0.470932
0.290923 -0.375646 -0.474652
0.199027 -0.479093 -0.477628
0.404884 -0.413193 -0.480009
0.569571 -0.360475 -0.481913
0.421945 0.127667 -0.483437
0.303844 0.518184 -0.484656
-0.233496 -0.306583 -0.155473
0.340181 0.644122 -0.180223
0.378120 0.931345 -0.103814
0.268784 1.012468 -0.042687
-0.268798 0.924573 -0.573090
-0.528126 1.155708 -0.694649
-0.456212 0.894645 -0.515355
-0.352657 0.667375 -0.257171
0.240058 0.631415 -0.282070
-0.323030 0.534215 -0.155668
0.437306 -0.276319 -0.101985
0.735196 0.046337 -0.179494
0.509272 -0.132596 -0.002593
0.653080 0.012662 0.038290
0.628440 0.128865 -0.067274
0.369099 -0.090246 0.020805
0.287292 0.423550 -0.052300
-0.058088 -0.386721 -0.554451
-0.569014 -0.062490 0.026824
-0.300691 0.458523 0.133804
-0.450146 0.518549 0.018777
-0.535335 0.734160 -0.281328
-0.601667 0.854719 -0.322969
0.001252 0.879669 -0.382932
0.526040 0.822473 -0.404251
-0.205892 0.516142 0.451348
-0.180792 0.359679 0.216995
-0.089566 -0.654291 -0.154653
-0.620879 0.062559 -0.275209
-0.530415 0.317439 -0.456344
-0.458044 0.521342 -0.601252
-0.605267 0.012219 -0.561033
-0.196615 -0.313619 -0.535292
-0.191004 -0.280813 -0.664411
-0.186515 -0.254571 -0.767706
-0.626389 -0.241309 -0.590551
-0.674510 -0.222967 -0.708617
-0.433633 -0.059636 -0.664800
-0.214877 -0.008395 -0.828156
0.637184 0.443401 -0.379345
-0.312644 -0.181007 0.138815
-0.199071 0.385811 -0.641017
-0.192968 0.278730 -0.887261
-0.188087 0.193064 -1.084256
-0.184181 0.124533 -0.965311
-0.038870 0.174503 -0.794030
0.165879 0.028093 -0.684411
0.238679 -0.156105 -0.645435
0.294771 0.425056 0.189893
-0.319617 0.161894 -0.207921
0.077327 0.701537 0.072313
0.183593 0.637862 0.148775
0.392538 0.777683 0.297655
0.559693 0.889538 0.416759
0.610507 0.242831 0.203787
0.509698 0.199982 -0.073713
0.653421 0.278722 -0.295147
0.768400 0.193060 -0.472295
0.860383 0.124529 -0.614012
0.794282 -0.227611 -0.589116
0.741401 -0.509321 -0.569199
0.559409 -0.288721 -0.276725
-0.039189 -0.423018 -0.215698
0.074624 -0.516990 -0.270465
-0.502131 0.299073 -0.287769
0.053366 0.235601 -0.946759
0.454948 0.133067 0.252981
0.469934 0.373847 0.381020
0.481923 0.566469 0.483451
0.499187 0.041100 0.133177
0.225950 0.002959 0.008635
0.157510 0.669592 -0.430619
0.012187 0.523339 -0.451828
-0.163649 0.537410 -0.459368
-0.304319 0.400008 -0.741942
-0.416854 0.290085 -0.968001
-0.437049 0.033772 -1.010236
-0.802413 -0.151558 -0.906095
-1.094705 -0.299824 -0.822782
-0.509855 0.021837 -0.205038
-0.612857 -0.043008 -0.765784
-0.260026 0.868059 -0.104911
-0.381420 0.664529 -0.043564
0.368270 0.309835 0.280701
-0.246718 -0.794336 -0.061272
0.050864 -0.584936 -0.154829
0.288848 -0.140849 -0.459135
-0.528781 -0.205007 -0.312799
-0.672384 0.238304 -0.201116
-0.142839 -0.448606 -0.090606
0.066894 0.552349 0.143989
0.233568 -0.503098 0.662583
-0.004560 -0.035493 0.222309
0.102328 -0.058313 0.356482
0.167967 0.426635 -0.033998
-0.617232 0.431949 0.570557
-0.567460 0.044205 0.410158
-0.208753 -0.475456 -0.762183
-0.189139 -0.251031 -0.430020
0.072342 -0.296674 -0.707948
0.303536 -0.415917 -0.664265
0.488492 -0.511311 -0.629319
0.251954 -0.381094 -0.330108
-0.758476 0.243184 0.245157
-1.059556 0.015971 0.098219
-0.741669 -0.165799 0.257210
-0.004600 -0.000150 -0.187232
0.000115 -0.343790 -0.322708
-0.788137 0.444258 -0.152312
-0.664222 0.474145 -0.081485
-0.673776 0.264899 -0.441006
-0.852108 0.182001 -0.450711
-0.994773 0.115683 -0.458475
-1.108905 0.211284 -0.326416
-1.200211 0.287763 -0.220768
-0.993881 0.646261 -0.136250
-0.828816 0.933058 -0.068636
-0.696765 1.162496 -0.014544
-0.591124 1.346044 0.028729
-0.341642 0.024179 -0.864626
-0.290865 -0.209522 0.267670
-0.208636 -0.291011 0.064111
-0.200621 -0.411387 -0.323159
-0.194209 -0.507685 -0.632974
0.523510 -0.097918 0.309738
0.664471 -0.108254 0.288155
0.113143 -0.123137 0.008187
0.033497 0.089426 0.500169
-0.353787 0.271232 0.299584
-0.760291 0.428080 0.095585
-0.974401 0.241317 0.307822
0.013931 -0.800109 0.004258
-0.178652 -0.148875 -0.870206
-0.836488 -0.245632 -0.486168
0.420242 0.639347 -0.496857
0.162794 0.630213 -0.633662
-0.043164 0.622906 -0.743107
-0.068243 0.617060 -0.968933
-0.088306 0.612383 -1.149594
-0.188932 0.537848 -0.290994
-0.671533 -0.101568 0.507475
0.224981 -0.514993 -0.364229
0.153555 -0.031685 -0.278920
-0.190243 0.093388 -0.182772
-0.465281 0.193446 -0.105853
-0.861336 0.069952 0.253796
-0.886347 -0.146163 -0.333867
-1.022164 -0.146849 -0.226729
-0.966304 -0.147836 -0.072451
-0.806755 0.000467 -0.017596
-0.805432 0.087112 -0.320508
-0.500942 -0.487911 -0.005488
-0.689832 -0.039732 -0.001726
-0.339370 0.451537 0.544183
-0.347516 -0.541555 -0.427496
-0.591100 -0.463163 -0.578173
-0.646279 -0.251795 -0.422175
-0.173141 0.824162 -0.252877
-0.805130 0.282327 -0.094521
-0.575964 0.929574 0.261049
-0.258632 -0.455008 -0.182667
-0.100930 -0.542582 -0.244040
0.377599 -0.668690 -0.581304
-0.011008 -0.564873 -0.562949
-0.321893 -0.481817 -0.548266
-0.430914 -0.415373 -0.536519
-0.953830 0.280456 -0.573528
-0.561726 0.251320 -0.723046
0.200781 0.822364 -0.167590
0.266601 0.776628 0.044563
0.501068 0.710768 0.211792
0.646518 0.687353 0.209798
0.165296 0.096883 0.205089
0.481504 0.528195 -0.552477
-0.063213 -0.139558 -0.674601
0.150300 -0.410758 -0.856863
0.035511 -0.584323 -0.724624
-0.037955 -0.427820 -0.888878
-0.064075 -0.074864 -0.809008
-0.667750 0.395956 -0.360441
-0.323064 -0.435371 0.091916
0.012807 0.295476 -0.055925
-0.949003 0.487854 -0.123228
-0.932602 0.211706 -0.058218
-0.919481 -0.009211 -0.006210
-0.674778 -0.064849 -0.362832
-0.026656 -0.275665 0.005144
-0.334411 -0.101795 -0.093791
0.070600 0.237598 -0.535799
-0.028729 0.125938 -0.576372
-0.196383 0.219488 -0.559004
0.755372 0.488865 -0.087455
0.710273 0.212514 -0.167870
-0.044495 -0.515667 0.068333
0.022592 -0.473077 0.254659
0.306435 -0.194708 0.524658
-0.501458 0.448662 0.682280
-0.434878 0.031698 0.724459
-0.330829 0.425173 -0.181861
-0.143262 -0.092332 -0.562151
-1.123803 0.416725 0.097862
-0.932754 0.303462 0.118654
-0.811265 0.082370 0.408127
-0.682724 0.035976 0.505136
-0.579891 -0.001137 0.582743
-0.726416 0.272125 -0.320228
0.109705 -0.141429 0.231686
0.009530 -0.144369 0.469822
-0.119245 -0.474989 0.418260
-0.407069 0.142286 -0.308903
-0.069768 0.304789 -0.373930
0.552451 -0.037933 -0.197649
0.408249 -0.060265 -0.117755
-0.489066 -0.080113 0.152236
0.030087 -0.618700 0.793247
-0.009642 -0.673538 1.228044
-0.066852 -0.752501 0.360829
0.052494 -0.631922 0.329028
0.084665 -0.309628 0.421504
0.248948 -0.909703 -0.149226
0.305134 -0.757682 -0.355557
0.246355 -0.836085 -0.514404
0.163372 -0.996100 -0.509430
0.202539 -0.731663 0.036770
0.616838 -0.668804 -0.011550
0.459758 -0.713622 -0.383688
0.334095 -0.749477 -0.681398
0.404577 -0.265938 -0.363439
0.289950 -0.242669 -0.526928
-0.115637 -0.162341 -0.162353
-0.106752 -0.038826 -0.141867
-0.304494 0.116479 0.570279
-0.137620 0.063265 0.773128
-0.240296 -0.616337 -0.356286
-0.505323 -0.820301 -0.106394
-0.635526 -0.578847 0.004563
-0.681820 -0.195686 -0.232526
-0.388848 -0.081664 -0.255947
-0.119310 -0.019677 0.127838
-0.268847 -0.045663 0.142635
0.128217 -0.285782 0.540240
-0.070826 -0.258546 0.887368
-0.230060 -0.236758 1.165070
0.460076 -0.209408 -0.603602
0.064234 -0.238511 -0.396896
0.082599 -0.675896 -0.357400
-0.072390 -0.451987 -0.367934
-0.106159 -0.628650 -0.008376
-0.187954 0.570776 -0.822723
-0.492536 -0.228679 0.354931
-0.334435 -0.630112 0.706087
-0.301260 -0.385352 0.605234
0.014936 0.627578 -0.089406
0.126540 0.331562 -0.345506
0.184779 0.397166 0.492426
0.730481 -0.000568 0.320853
-0.533734 -0.177828 0.716476
-0.460699 -0.172181 0.890086
-0.402271 -0.464978 0.475892
-0.355528 -0.699215 0.144537
-0.281127 0.756253 -0.363313
-0.214667 0.681677 -0.119257
0.235395 0.111136 -0.030820
0.386894 0.142534 -0.372185
-0.126236 -0.839256 -0.036268
-0.274388 -0.998637 0.287891
-0.423893 -0.584307 0.245889
-0.649397 0.241873 0.119837
-1.230608 0.903686 -0.348422
-0.878511 0.841688 -0.238374
-0.596833 0.792087 -0.150335
-0.774399 0.321015 -0.546119
-0.263271 -0.385718 -0.863312
-0.244329 -0.487152 -1.065097
-0.368863 -0.270985 -0.811713
-0.637405 -0.136257 0.659269
-0.445214 -0.068721 0.490755
-0.110508 -0.233555 0.294698
0.157257 -0.365420 0.137852
0.137946 0.019373 0.506449
-0.763721 -0.189995 0.069991
-0.412337 0.540268 -0.260351
-0.324577 0.291916 -0.591743
-0.153686 0.054955 -0.433030
0.144968 -0.239794 0.083392
-0.178895 0.864389 0.072509
-0.172792 1.068475 -0.169720
0.349294 -0.035907 -0.516578
0.274617 0.369134 -0.396225
0.254761 0.836479 -0.291545
-0.641778 0.123892 -0.116854
-0.578714 -1.039582 -0.322974
-0.356995 -0.861584 -0.218015
-0.317096 -0.605271 -0.205144
0.475662 -0.173643 -0.243817
-0.009679 -0.100533 -0.037617
-0.316136 -0.072866 0.034752
-0.848081 -0.207703 0.428705
-1.270927 -0.493395 0.521599
-0.910766 -0.573293 0.734185
-0.622637 -0.637212 0.904253
-0.671509 -0.539687 0.763767
-0.710607 -0.461669 0.651378
-0.407640 -0.614584 0.487403
-0.220136 -0.670245 0.568557
-0.070133 -0.566116 0.633480
0.222672 0.172307 0.760211
0.284114 0.256581 0.510262
0.509748 0.365066 -0.316797
0.513774 0.559446 -0.213073
0.519572 0.036606 -0.063711
-0.432041 0.194972 0.806637
-0.239657 -0.171256 0.823945
0.135876 -0.083389 0.608842
-0.307240 -1.024655 -0.313554
-0.419192 -1.146956 -0.348750
-0.161339 -1.025755 -0.261161
0.116592 -0.850525 -0.168564
0.013938 -0.598191 0.213661
-0.165081 -0.736381 -0.259109
0.251928 -0.680122 -0.196041
0.586893 -0.574016 -0.254739
0.489584 -0.338951 0.111909
0.637330 -0.449738 0.129891
0.755527 -0.538368 0.144277
-0.267201 0.740079 -0.589682
-0.328933 -0.375065 -0.571374
-0.340070 -0.627765 -0.691828
-0.305768 -0.829444 -0.651369
-0.278327 -0.990790 -0.619001
0.054615 -0.877603 -0.555820
0.289355 -1.029316 -0.542562
0.197773 -0.556060 -0.255415
-0.552453 0.507304 0.462789
-0.246626 0.538401 0.341187
0.395237 1.021221 -0.003750
-0.524375 0.339657 0.154313
0.223078 0.391840 -0.228661
-0.259582 0.949844 0.274382
-0.136923 -0.366122 0.164759
-0.347944 -0.459201 -0.013198
-0.449533 -0.652188 -0.466916
-0.096945 -0.738841 0.022716
-1.204876 -0.046568 -0.061749
-0.158115 0.253374 0.840770
0.089563 0.643468 0.361861
0.125239 0.478558 0.309796
-0.887928 0.461377 -0.009376
-0.141373 0.100659 0.523490
-0.640176 0.146472 0.517175
-0.693894 0.039886 0.099452
-0.263673 -0.563006 0.832893
-0.244650 -0.480323 0.706679
-0.625482 -0.429769 -0.189128
-0.813473 -0.373734 -0.387480
-0.194222 0.176708 -0.313122
0.412447 -0.393289 -0.055946
0.575621 -0.195893 -0.142663
0.391261 0.457001 -0.063048
0.044531 0.395148 -0.772405
0.281288 0.434856 -0.854101
-0.418763 0.363711 -0.477081
-0.425778 0.500890 0.157563
0.725317 0.206018 0.098949
-0.214785 0.263645 -0.089202
-0.562528 0.209875 -0.466299
-0.711109 0.569615 -0.477636
-0.826131 0.464499 -0.531412
-0.583461 0.164821 0.224625
-0.309977 0.174426 -0.684809
0.161274 0.515646 -0.391983
-0.044380 0.828567 -0.549763
-0.208903 1.078904 -0.675987
-0.200835 1.130514 -0.362155
-0.194379 1.171805 -0.111089
-0.072339 0.622358 -0.581869
-0.555693 0.429947 -0.399448
-0.521482 0.489113 -0.204685
-0.868871 0.096404 -0.213501
-0.477072 -0.021890 -0.561759
-0.393945 -0.186792 -0.646374
0.420663 0.103695 -0.677305
-0.714872 -0.306571 0.489713
-0.884984 -0.275178 0.570405
-0.741699 -0.398721 0.358418
0.067284 0.843762 0.105585
-0.599233 -0.604463 -0.371736
-0.444191 -0.440714 -0.663029
-0.442378 -0.365172 -0.311709
-0.189978 0.239904 0.602699
-0.214900 -0.627818 -0.089666
-0.865419 -0.169299 0.095466
0.160279 -0.681576 0.278400
0.234199 -0.872492 0.401355
0.293335 -1.025228 0.499719
0.061269 -0.998759 0.716680
-0.124384 -0.977584 0.890249
-0.272907 -0.811987 0.614293
-0.504096 -0.261927 -0.613039
-0.436988 -0.388121 -0.864879
-0.832319 0.871469 -0.396383
-0.699567 0.964569 -0.415013
-0.593365 1.039047 -0.429917
0.107997 -0.575457 0.094667
0.663708 -0.103752 0.071488
0.257562 -0.126125 -0.202289
-0.050296 0.254856 -0.501558
-0.881951 -0.375216 0.193490
-1.158335 -0.627404 0.333427
-0.613862 -0.180166 0.130933
0.225972 -0.518253 0.068642
0.334431 0.150921 -0.151635
0.213103 -0.422608 0.339948
0.520742 -0.410299 -0.351258
0.662257 -0.358157 -0.378913
0.356406 -0.465104 -0.262766
0.313449 0.205044 -0.263502
0.670504 0.299560 -0.694592
0.117004 0.405444 -1.118544
0.199579 0.443093 -0.716201
0.512163 -0.600915 0.206526
-0.486354 0.690645 -0.014052
-0.143420 0.522596 0.029123
-0.038479 -0.112850 0.826891
0.075193 0.028458 0.840147
0.026442 -0.155813 0.574211
0.083709 0.365192 0.519833
0.256059 0.190340 0.611551
0.187270 -0.858977 0.141451
0.116104 -1.014417 0.291796
0.059171 -0.841452 0.273801
-0.233350 -0.202750 -0.148716
-0.625529 0.323374 0.273094
-0.673822 0.228781 0.673651
-0.599773 0.440125 0.215737
0.356977 -0.467730 0.701930
0.389906 -0.592925 -0.209568
0.001252 0.693162 0.475192
-1.039753 0.240602 -0.147625
0.219786 -0.094054 0.749119
-0.449417 -0.339990 0.292888
-0.571808 -0.390374 -0.348287
-0.123585 -0.540459 -0.505707
-0.132580 -0.610946 -0.364202
-0.462011 0.092714 0.514879
-0.275476 -0.385214 0.471776
-0.466821 -0.209887 0.178180
0.292084 0.266166 -0.555163
0.028775 -0.518289 -0.456703
-0.667422 0.529636 0.086895
-0.463411 0.835030 0.154748
-0.558846 -0.847797 -0.454405
0.513448 -0.995125 -0.714651
0.656421 -1.123333 -0.807898
0.491425 -0.631273 -0.605954
-0.171369 -0.729366 -0.403828
-0.031120 -0.910726 -0.282699
0.629265 -0.781767 -0.071011
0.090611 -0.821771 -0.719453
-0.240598 -0.687336 -0.811739
-0.505565 -0.579789 -0.885568
0.247077 0.671025 0.415712
0.056026 -0.213589 -0.604290
0.684787 -0.416222 -0.239313
0.141045 0.529912 -0.071423
0.545938 0.243351 -0.219909
0.822101 0.164760 -0.135563
0.716901 -0.215993 -0.262992
0.819184 -0.351373 -0.170029
0.901011 -0.459676 -0.095659
0.767403 -0.615631 -0.237453
0.558658 -0.391645 -0.177745
0.544614 0.089194 -0.191626
0.192904 -0.686675 -0.498647
0.120611 -0.876572 -0.358554
0.267947 -0.882446 -0.405706
-0.140632 -0.618623 -0.933657
0.572778 -0.374887 -0.645903
0.424510 -0.478489 -0.752899
-0.016155 -0.990729 0.059655
0.536131 0.242965 0.097588
-0.229252 0.017046 0.305286
0.023434 0.429054 0.041776
0.404098 0.461982 0.073785
-0.838749 0.269592 0.492623
-0.142559 0.153523 0.330228
0.185671 -0.298915 0.394278
0.421336 -0.215428 0.546226
0.494311 -0.206615 0.244988
0.501425 -0.343871 0.374625
0.507116 -0.453676 0.478335
-0.005931 -0.141775 0.245810
-0.157077 -0.845215 -0.905580
-0.019686 -0.706092 -0.960641
0.090227 -0.594793 -1.004690
0.248501 -0.702109 -1.068120
0.541913 -254.695206 -1.094253
0.399818 -203.934738 -0.696768
0.286143 -163.326370 -0.378779
16.678328 -120.582359 71.361481
29.792076 -86.387154 128.753693
40.283073 -59.030994 174.667465
48.675873 -37.146072 211.398468
55.390110 -19.638128 240.783279
60.761501 -5.631773 264.291138
65.058617 5.573310 283.097412
68.496307 14.537375 298.142426
71.246460 21.708630 310.178467
73.446579 27.445631 319.807281
75.206680 32.035233 327.510345
76.614761 35.706913 333.672791
77.741226 38.644257 338.602722
78.642395 40.994129 342.546692
79.363327 42.874031 345.701874
79.940079 44.377956 348.226013
80.401474 44.094524 350.245300
80.770592 43.867783 351.860748
81.065887 43.686390 353.153107
81.302124 43.541275 354.186981
81.491112 43.425179 355.014099
81.642303 43.332306 355.675812
81.763260 43.258003 356.205170
81.860023 43.198566 356.628632
81.937431 43.151012 356.967407
81.999359 43.112976 357.238434
65.426086 34.609116 285.554565
52.167465 27.806028 228.207489
41.560574 22.363558 182.329819
3337.662598 -8.005322 -2739.525391
5974.543945 -32.300430 -5077.009277
4796.084473 -23.491758 -3989.943115
3853.316895 -19.715269 -3120.290039
3099.103027 -16.694075 -2424.567627
2495.731934 -15.763689 -1867.989502
2013.034912 -16.505943 -1422.727051
1626.877319 -20.370193 -1066.517212
1301.328491 -16.326078 -853.173401
4345.477051 -38.957031 -3567.928223
3492.831055 -44.574638 -2782.677979
2810.714355 -49.068722 -2154.478027
2265.020996 -54.150555 -1651.917969
1828.466064 -59.702587 -1249.869751
1479.222290 -67.414665 -928.231323
1199.827271 -73.584320 -670.920593
976.311218 -80.006615 -465.071930
780.875549 -64.183868 -372.155426
625.365173 -39.484493 -298.513611
516.741516 -30.725576 -167.146378
429.842651 -23.718441 -62.052601
360.323547 -21.383177 22.022425
304.708252 -21.001532 89.282440
260.216003 -22.182787 143.090469
224.622208 -23.127789 186.136871
196.147171 -27.154236 220.574005
157.023712 -21.604654 176.361313
125.724953 -17.164984 140.991150
100.685936 -13.613253 112.695007
80.654724 -10.771868 90.058098
64.629753 -8.498758 71.948570
51.809776 -6.680271 57.460953
41.553795 -5.225481 45.870857
33.349010 -4.061649 36.598778
26.785183 -3.130581 29.181116
21.534122 -2.385728 23.246986
17.333275 -1.789847 18.499681
13.972594 -1.313141 14.701838
11.284051 -0.931775 11.663566
9.133217 -0.626681 9.232946
7.412549 -0.382608 7.288451
6.036015 -0.187348 5.732854
5.493537 -254.531219 3.797025
5.059556 -458.006348 2.248361
4.712370 -620.786438 1.009430
4.434622 -751.010559 0.018285
4.212423 -855.189758 -0.774631
4.034664 -938.533203 -1.408964
3.892457 -1005.207947 -1.916430
3.778691 -1058.547729 -2.322403
3.687679 -1101.219604 -2.647182
3.614869 -1135.357056 -2.907004
3.556621 -1162.666992 -3.114862
3.510022 -1184.515015 -3.281149
3.472744 -1201.993408 -3.414178
3.442920 -1215.976074 -3.520602
3.419062 -1227.162109 -3.605740
3.399975 -1236.111206 -3.673851
19.169394 -978.810120 68.725418
31.784927 -772.969360 126.644844
41.877354 -608.296753 172.980392
49.951298 -476.558655 210.048813
56.410450 -371.168213 239.703568
61.577774 -286.855835 263.427338
65.711632 -219.405930 282.406403
69.018723 -165.446014 297.589600
71.664391 -122.278084 309.736206
73.780930 -87.743736 319.453461
75.474159 -60.116264 327.227295
76.828743 -38.014278 333.446350
77.912407 -20.332699 338.421600
78.779343 -6.187431 342.401794
79.472885 5.128785 345.585968
80.027725 14.181756 348.133270
80.471596 19.937567 350.171143
80.826691 24.542217 351.801392
81.110764 28.225935 353.105621
81.338028 31.172909 354.149017
81.519836 33.530491 354.983704
81.665283 35.416553 355.651489
81.781639 36.925404 356.185730
81.874725 38.132488 356.613068
81.949196 39.098152 356.954956
82.008774 39.870686 357.228485
82.056435 40.488705 357.447296
82.094559 40.983128 357.622345
82.125061 41.378662 357.762390
82.149460 41.695091 357.874420
82.168983 41.948235 357.964020
82.184601 42.150749 358.035736
82.197098 39.042316 358.093109
82.207092 36.555569 358.138977
82.215088 34.566174 358.175690
82.221481 32.974655 358.205048
82.226601 31.701441 358.228546
82.230698 30.682869 358.247314
82.233971 29.868011 358.262390
82.236588 29.216125 358.274445
82.238686 28.694616 358.284058
82.240364 28.277411 358.291748
82.241707 27.943645 358.297882
82.242783 27.676634 358.302826
82.243637 27.463024 358.306763
82.244324 27.292135 358.309937
82.244873 27.155426 358.312439
82.245316 27.046057 358.314453
82.245667 25.471998 358.316071
82.245949 24.212749 358.317383
82.246170 23.205351 358.318390
82.246353 22.399433 358.319214
82.246498 21.754698 358.319885
82.246613 21.238911 358.320404
82.246704 20.826281 358.320862
82.246780 20.496176 358.321198
82.246841 20.232094 358.321472
82.246887 20.020826 358.321686
82.246925 19.851810 358.321869
82.246956 19.716600 358.321991
82.246979 19.608433 358.322113
82.247009 19.452667 358.322266
82.247032 17.866415 358.322357
82.247040 16.641718 358.322388
82.247047 15.661959 358.322418
82.247055 14.878153 358.322449
82.247055 14.251106 358.322479
82.247055 13.749470 358.322479
82.247055 13.348163 358.322479
82.247055 13.027115 358.322479
82.247055 12.770279 358.322479
82.247055 12.564809 358.322479
82.247055 12.400434 358.322479
82.247055 12.268934 358.322479
82.247055 12.163733 358.322479
82.247055 12.012244 358.322479
65.624245 9.685441 286.836639
52.325993 7.867092 229.647934
41.687393 6.412412 183.896973
33.176517 5.248666 147.296204
26.367813 4.317670 118.015594
20.920853 3.572874 94.591110
16.563282 2.977038 75.851524
13.077227 2.500368 60.859856
10.288382 2.119030 48.866516
8.057306 1.813961 39.271847
6.272446 1.569904 31.596111
4.844557 1.374660 25.455523
3.702246 1.218466 20.543053
2.788398 1.093511 16.613077
2.057319 0.993546 13.469095
1.472456 0.913576 10.953912
1.842690 -291.706573 7.973870
2.138878 -525.802673 5.589837
2.375828 -713.079529 3.682611
2.565388 -862.901062 2.156829
2.717036 -982.758301 0.936204
2.838355 -1078.644043 -0.040296
2.935409 -1155.352661 -0.821495
3.013053 -1216.719604 -1.446455
3.075168 -1265.813110 -1.946423
3.124860 -1305.087891 -2.346398
3.164614 -1336.507690 -2.666377
3.196417 -1361.643677 -2.922361
3.221859 -1381.752441 -3.127147
3.242213 -1397.839355 -3.290977
3.258496 -1410.708984 -3.422041
3.271523 -1421.004639 -3.526891
19.066631 -1126.724976 68.842987
31.702717 -891.301147 126.738899
41.811588 -702.962158 173.055634
49.898685 -552.290955 210.109009
56.368362 -431.754028 239.751709
61.544102 -335.324493 263.465851
65.684700 -258.180878 282.437195
68.997177 -196.465988 297.614258
71.647156 -147.094040 309.755920
73.767136 -107.596512 319.469238
75.463120 -75.998474 327.239899
76.819908 -50.720051 333.456421
77.905342 -30.497311 338.429657
78.773689 -14.319118 342.408234
79.468369 -1.376564 345.591095
80.024109 8.977478 348.137390
80.468704 15.774142 350.174408
80.824379 21.211475 351.804047
81.108917 25.561342 353.107727
81.336548 29.041235 354.150696
81.518654 31.825150 354.985077
81.664337 34.052280 355.652557
81.780884 35.833988 356.186554
81.874123 37.259350 356.613770
81.948715 38.399643 356.955536
82.008385 39.311874 357.228943
82.056122 40.041660 357.447662
82.094315 40.625492 357.622650
82.124863 41.092552 357.762634
82.149307 41.466206 357.874603
82.197014 38.925129 358.093201
65.624245 9.388123 286.560089
52.325993 7.331919 229.150162
41.687393 5.686955 183.222214
33.176517 4.370986 146.479874
26.367813 3.318209 117.085983
20.920853 2.475990 93.570877
16.563282 1.802213 74.758789
13.077227 1.263191 59.709129
10.288382 0.831977 47.669399
8.057306 0.487006 38.037613
6.272446 0.211028 30.332182
4.844557 -0.009755 24.167839
3.702246 -0.186382 19.236364
2.788398 -0.327681 15.291184
2.057319 -0.440722 12.135041
1.472456 -0.531154 9.610126
1.004565 -0.603501 7.590195
0.630253 -0.661379 5.974250
0.330803 -0.707679 4.681493
0.091243 -0.744719 3.647288
-0.100405 -0.774355 2.819924
-0.253723 -0.798063 2.158033
-0.376378 -0.817029 1.628520
-0.474502 -0.832200 1.204910
-0.553001 -0.844338 0.866021
-0.615800 -0.854049 0.594911
-0.666039 -0.861815 0.378022
-0.706231 -0.868030 0.204511
-0.784685 -0.880165 -0.134182
0.397048 -0.888718 -0.373090
0.563302 -0.889551 -0.396379
0.696304 -0.890216 -0.415009
0.802707 -0.890752 -0.429914
0.955926 -0.891520 -0.451376
1.088852 -0.892185 -0.469996
0.877535 -0.743871 -0.341259
-0.850958 0.583211 0.116174
-0.308149 -0.576760 0.062668
-0.015495 -0.766260 -0.205423
-0.046108 -0.642928 -0.262244
-0.245552 -0.485430 0.439870
-0.297379 -0.779409 0.500689
-0.271615 -0.653446 0.440915
-0.762071 0.488167 0.427659
-0.783056 0.509269 0.244221
-1.310224 0.282262 -0.314812
-1.150662 0.394373 -0.377711
-0.093885 -0.446998 -0.673435
0.022948 -0.977831 -0.156684
0.205443 -0.144503 -0.774283
-0.247805 0.833418 0.283917
-0.219277 0.747114 0.752137
-0.069446 0.567772 0.642073
0.391507 -0.020745 0.551847
0.419181 -0.046515 0.343571
0.441321 -0.067130 0.176951
-0.086536 -1.097266 -0.569339
-0.102941 -1.056389 -0.138566
-0.116065 -1.023689 0.206053
-0.013783 0.074287 0.070526
0.328426 12.092718 -1.116678
0.927466 21.536781 -1.682601
1.406699 29.092033 -2.135340
1.790085 35.136230 -2.497531
2.096793 39.971592 -2.787284
2.342160 43.839878 -3.019086
2.538454 46.934509 -3.204528
2.695489 49.410213 -3.352881
2.821117 51.390778 -3.471564
2.921619 52.975227 -3.566510
3.002021 54.242794 -3.642467
3.066342 55.256840 -3.703233
3.117800 56.068081 -3.751845
3.158965 56.717068 -3.790735
3.191898 57.236263 -3.821847
3.218244 57.651615 -3.846737
2.540884 46.091373 -3.037025
2.697433 -217.508255 -3.218879
2.124234 -174.185196 -2.673010
1.665676 -139.526718 -2.236314
1.298829 -111.799965 -1.886958
1.005351 -89.618546 -1.607472
0.770569 -71.873413 -1.383884
0.582743 -57.677311 -1.205014
0.432483 -46.320423 -1.061917
0.312274 -37.234921 -0.947440
0.216108 -29.966515 -0.855858
0.139174 -24.151789 -0.782593
0.077628 -19.500011 -0.723981
0.028390 -15.778587 -0.677091
-0.010999 -12.801449 -0.639579
-0.042511 -10.419736 -0.609570
-0.067721 -8.514363 -0.585562
-0.087888 -6.990069 -0.566356
-0.104023 -5.473318 -0.689262
-0.116930 -4.259918 -0.649315
0.012432 -3.437855 -0.479088
-0.163454 -2.780202 -0.342906
-0.304163 -2.402738 -0.372231
-0.277042 -1.952111 -0.395691
-0.255345 -1.294296 -0.276189
-0.098301 -1.362668 -0.180587
0.027335 -1.120052 -0.242376
0.831326 -254.878952 -0.943724
1.329787 -458.284515 -1.544238
1.728555 -621.008972 -2.024650
2.047570 -751.188538 -2.408979
2.302781 -855.332153 -2.716442
2.506951 -938.647095 -2.962413
2.670286 -1005.299072 -3.159189
2.800955 -1058.620605 -3.316610
2.905489 -1101.277832 -3.442547
2.989117 -1135.403687 -3.543297
3.056020 -1162.704346 -3.623897
3.109541 -1184.544922 -3.688376
3.152359 -1202.017212 -3.739960
3.186613 -1215.995117 -3.781227
3.214016 -1227.177490 -3.814241
3.235938 -1236.123413 -3.840652
3307.002930 -1014.794800 -2888.461914
5950.016113 -837.731995 -5196.158203
8064.426758 -696.081787 -7042.315918
9755.955078 -582.761597 -8519.243164
11109.177734 -492.105469 -9700.783203
12191.755859 -419.580536 -10646.016602
13057.818359 -361.560608 -11402.203125
13750.668945 -315.144653 -12007.151367
14304.949219 -278.011871 -12491.110352
14748.373047 -248.305664 -12878.278320
15103.112305 -224.540710 -13188.011719
12083.154297 -395.957825 -10551.198242
9682.972656 -309.660675 -8369.293945
7762.828125 -240.622925 -6623.770020
6226.711914 -185.392731 -5227.351562
4997.818848 -142.695160 -4110.216797
4014.704590 -108.537094 -3216.509277
3228.213135 -80.913330 -2501.542725
2583.235352 -281.055908 -2002.023560
2067.252930 -441.169983 -1602.408081
1654.466919 -569.261292 -1282.715698
4627.987793 -481.305176 -3911.562012
3703.054932 -601.369385 -3130.038818
6266.857910 -506.991638 -5389.419922
8317.899414 -431.489471 -7196.925293
6670.769531 -356.816711 -5685.875488
5353.064941 -297.078491 -4477.035645
4298.901367 -250.774506 -3509.964111
3455.570557 -215.217880 -2736.306885
2780.905762 -190.043030 -2117.381104
2241.174072 -169.903137 -1622.240356
1809.388550 -155.277771 -1226.127808
1447.616821 -124.400803 -980.723572
1158.758179 -87.658035 -785.368164
943.455933 -67.480522 -556.630005
771.214172 -51.338520 -373.639465
633.420715 -39.911484 -227.247070
523.185974 -34.040298 -110.133156
434.998230 -30.829916 -16.442017
364.447998 -28.261614 58.510899
308.007812 -27.693535 118.473221
246.372528 -22.184744 94.680672
197.762741 -272.129150 74.955276
174.659607 -207.624588 131.628738
156.177094 -156.020950 176.967499
141.391083 -116.224594 213.238510
129.562286 -87.657951 242.255310
120.099243 -66.291206 265.468750
112.528809 -49.197811 284.039520
106.472458 -37.009666 298.896118
85.283943 -29.488997 239.157272
68.891884 -277.972534 190.536560
71.562920 -212.299332 224.093750
73.699753 -161.247284 250.939499
75.409218 -120.405670 272.416107
76.776787 -89.218948 289.597382
77.870842 -67.540009 303.342407
78.746086 -51.683418 314.338440
62.823467 -40.930687 251.649384
50.923500 -325.181976 200.530258
57.188213 -250.066864 232.088715
62.199986 -189.974762 257.335480
66.209404 -143.387665 277.532898
69.416939 -107.604530 293.690826
71.982964 -82.248474 306.617188
74.035782 -61.963631 316.958252
75.678040 -47.222321 325.231110
60.508717 -37.956429 260.225250
49.071697 -284.746490 207.390945
55.706772 -215.934586 237.577255
61.014832 -160.885071 261.726318
65.261284 -120.413208 281.045563
68.658440 -89.522278 296.500977
71.376167 -66.296112 308.865265
73.550346 -47.715176 318.756744
75.289688 -36.120869 326.669891
60.198036 -28.777960 261.514526
48.823154 -315.459808 208.422379
55.507938 -242.289124 238.402405
60.855762 -183.752579 262.386444
65.134026 -138.409897 281.573669
68.556633 -105.406189 296.923431
71.294724 -80.489792 309.203247
73.485191 -60.556686 319.027100
75.237564 -46.096764 326.886200
60.156338 -36.907333 261.687592
48.789795 -283.907196 208.560806
55.481251 -217.047058 238.513153
60.834415 -163.558929 262.475006
65.116951 -122.254982 281.644531
68.542976 -92.482269 296.980103
71.283798 -70.150665 309.248596
73.476456 -52.285381 319.063385
75.230576 -39.479717 326.915222
59.871368 -31.762348 261.572571
48.561821 -279.791229 208.468796
55.298870 -213.754272 238.439545
60.688511 -162.411255 262.416138
65.000221 -121.336838 281.597443
68.449593 -89.963867 296.942474
71.209091 -68.135948 309.218475
73.416687 -52.160172 319.039307
58.559948 -41.460743 254.995270
47.512684 -211.437775 203.206970
54.459560 -159.071487 234.230072
60.017063 -117.178459 259.048584
64.463066 -85.150612 278.903351
68.019867 -61.014889 294.787201
70.865311 -44.976761 307.494263
73.141663 -32.146252 317.659943
74.962746 -23.368418 325.792450
59.796795 -18.724655 260.950897
48.502163 -269.361053 207.971466
55.251144 -203.626236 238.041672
60.650330 -151.038376 262.097839
64.969681 -112.535866 281.342773
68.425156 -83.220398 296.738708
71.189537 -61.254601 309.055481
73.401047 -43.681965 318.908905
75.170250 -32.894295 326.791626
60.381859 -26.196699 261.335419
48.970211 -237.282593 208.279068
55.625584 -179.747345 238.287766
60.949879 -133.719147 262.294739
65.209320 -98.383156 281.500305
68.616867 -73.384811 296.864746
71.342911 -54.872696 309.156311
73.523743 -40.063004 318.989563
75.268410 -29.701818 326.856171
60.041325 -23.791376 261.248779
48.697784 -197.302261 208.209763
55.407642 -147.763062 238.232315
60.775528 -108.131729 262.250366
65.069839 -77.913231 281.464813
68.505287 -57.008865 296.836365
71.253647 -41.771938 309.133606
73.452332 -29.582399 318.971405
75.211281 -21.317339 326.841614
59.855934 -16.935137 261.375397
48.549473 -229.873352 208.311066
55.288990 -173.819962 238.313354
60.680607 -130.463791 262.315186
64.993904 -95.778870 281.516632
68.444534 -69.517502 296.877838
71.205040 -51.778851 309.166779
73.413445 -39.074493 318.997894
58.697041 -31.438171 255.238693
47.622356 -279.531860 203.401703
54.547298 -213.546768 234.385864
60.087254 -160.758698 259.173218
64.519218 -120.014793 279.003082
68.064789 -88.906242 294.866974
70.901245 -67.289833 307.558075
73.170410 -49.996712 317.710968
74.985741 -37.648785 325.833282
59.954876 -30.148945 260.568695
48.628628 -278.500488 207.665710
55.352314 -210.937790 237.797073
60.731266 -156.887619 261.902161
65.034431 -117.215256 281.186218
68.476959 -86.963913 296.613495
71.230980 -64.249413 308.955322
73.434196 -46.077812 318.828796
75.196770 -31.540531 326.727539
76.606827 -19.910707 333.046539
77.734879 -10.606852 338.101715
78.637314 -3.163764 342.145874
79.359268 2.790705 345.381195
79.936829 7.554281 347.969482
80.398880 11.365143 350.040100
80.768517 14.413829 351.696594
81.064224 16.852777 353.021790
81.300797 18.803940 354.081940
81.490051 20.364868 354.930084
81.641457 21.613609 355.608582
81.762581 22.612604 356.151367
81.859482 23.411800 356.585602
81.936996 20.780712 356.932983
81.999008 18.675842 357.210876
82.048622 16.991947 357.433197
82.088310 15.644831 357.611084
82.120064 14.567137 357.753387
82.145462 13.704981 357.867218
82.165787 13.015257 357.958252
82.182045 12.463476 358.031128
82.195053 12.022052 358.089417
82.205460 11.668913 358.136047
82.213783 11.386403 358.173340
82.220444 11.160395 358.203156
82.225769 10.979588 358.227051
82.230026 10.834943 358.246124
82.233437 10.719227 358.261414
65.755219 8.620060 286.659271
52.570461 7.014784 229.367798
42.022655 5.730564 183.534592
33.584412 4.703189 146.868042
26.833817 3.881288 117.534782
21.433342 3.223766 94.068192
17.112963 2.697751 75.294914
13.656658 2.276938 60.276299
10.891615 1.940289 48.261402
8.679581 1.670969 38.649487
6.909952 1.455512 30.959953
5.494250 1.283148 24.808327
4.361688 1.145255 19.887026
3.455639 1.034942 15.949985
2.730799 0.946690 12.800351
2.150928 0.876089 10.280645
2.385468 -253.680481 7.435257
2.573100 -457.325745 5.158947
2.723206 -620.241943 3.337899
2.843290 -750.574890 1.881060
2.939358 -854.841248 0.715589
3.016212 -938.254333 -0.216788
3.077695 -1004.984802 -0.962689
3.126882 -1058.369263 -1.559410
3.166231 -1101.076782 -2.036787
3.197711 -1135.242798 -2.418689
3.222894 -1162.575562 -2.724210
3.243041 -1184.441895 -2.968627
3.259159 -1201.934937 -3.164161
3.272053 -1215.929321 -3.320588
3.282368 -1227.124756 -3.445729
3.290620 -1236.081177 -3.545842
19.081909 -978.786133 68.827827
65.624245 9.685441 286.560089
52.325993 7.867092 229.150162
41.687393 6.412412 183.222214
33.176517 5.248666 146.479874
26.367813 4.317670 117.085983
20.920853 3.572874 93.570877
16.563282 2.977038 74.758789
13.077227 2.500368 59.709129
10.288382 2.119030 47.669399
8.057306 1.813961 38.037613
6.272446 1.569904 30.332182
4.844557 1.374660 24.167839
3.702246 1.218466 19.236364
2.788398 1.093511 15.291184
2.057319 0.993546 12.135041
1.472456 0.913576 9.610126
1.842690 -215.594391 6.898842
2.138878 -388.800751 4.729815
2.375828 -527.365845 2.994593
2.565388 -638.217957 1.606415
2.717036 -726.899658 0.495873
2.838355 -797.844971 -0.392560
2.935409 -854.601257 -1.103307
3.013053 -900.006226 -1.671905
3.075168 -936.330261 -2.126783
3.124860 -965.389526 -2.490685
3.164614 -988.636841 -2.781807
3.196417 -1007.234741 -3.014705
3.221859 -1022.113098 -3.201023
3.242213 -1034.015747 -3.350077
3.258496 -1043.537842 -3.469321
3.271523 -1051.155518 -3.564716
19.066631 -830.845703 68.812729
31.702717 -654.597839 126.714684
41.811588 -513.599548 173.036270
49.898685 -400.800934 210.093521
56.368362 -310.562012 239.739319
61.544102 -238.370865 263.455963
65.684700 -180.617966 282.429260
68.997177 -134.415634 297.607941
71.647156 -97.453781 309.750854
73.767136 -67.884293 319.465210
75.463120 -44.228706 327.236664
76.819908 -25.304237 333.453857
77.905342 -10.164660 338.427582
78.773689 1.946999 342.406586
79.468369 11.636326 345.589783
80.024109 19.387787 348.136353
80.468704 24.102392 350.173584
80.824379 27.874077 351.803375
81.108917 30.891422 353.107239
81.336548 33.305298 354.150299
81.518654 35.236404 354.984741
81.664337 36.781281 355.652313
81.780884 38.017185 356.186340
81.874123 39.005909 356.613586
81.948715 39.796890 356.955383
82.008385 40.429672 357.228821
82.056122 40.935898 357.447571
82.094315 41.340881 357.622559
82.124863 41.664864 357.762543
82.184502 42.297283 358.035828
82.197014 39.159542 358.093170
65.484528 15.487999 286.836487
52.074535 12.360479 229.647842
41.346542 9.858463 183.896912
32.764149 7.856849 147.296158
25.898232 6.255560 118.015556
20.405499 4.974527 94.591080
16.011311 3.949701 75.851501
12.495962 3.129842 60.859837
9.683683 2.473956 48.866501
7.433859 1.949244 39.271835
5.634001 1.529474 31.596102
4.194114 1.193662 25.455517
3.042204 0.925012 20.543049
2.120676 0.710091 16.613073
1.383454 0.538153 13.469093
0.793676 0.400604 10.953910
0.601229 0.141904 8.526951
0.447272 -0.065056 6.585383
0.324106 -0.230624 5.032130
0.225573 -0.363077 3.789527
0.146746 -0.469038 2.795445
0.083685 -0.553807 2.000179
0.033236 -0.621623 1.363966
0.432028 0.416770 0.558319
-0.049784 -0.730673 -0.515435
-0.400070 -0.470710 0.322472
-0.254211 0.611433 0.676106
-0.459327 0.865696 -0.201883
-0.018144 0.408886 -0.308350
-0.119484 0.445553 -0.087041
0.662398 -0.260308 0.229957
0.496207 -0.238166 0.086060
0.969805 -0.283565 0.410331
0.881819 -0.108116 0.368629
-0.490740 0.292695 0.663191
-0.335980 0.294530 -0.096735
-0.577972 0.318925 -0.052101
-0.031761 0.378906 0.421119
-0.081008 0.604881 0.176247
0.417672 0.337108 -0.060309
0.161357 0.264505 0.067729
-0.841156 -0.069846 -0.136982
-0.846324 -0.234456 -0.069221
-0.853766 -0.203907 -0.220533
-0.059604 -0.340729 0.299980
0.040860 -0.420582 0.375260
-0.012920 -0.791454 -0.409525
-0.472701 -1.127230 -0.214428
-0.363210 -0.507702 -0.313465
-0.786089 -0.128357 -0.609614
-0.941958 -0.281263 -0.723868
-1.066654 -0.403588 -0.400460
-1.166410 -0.501450 -0.141733
-0.687465 -0.431080 0.065248
-1.113976 0.073069 -0.047441
-0.565390 0.034020 0.718364
-0.625712 -0.151363 0.891597
-0.394594 -0.299670 0.891912
-0.209699 -0.418313 0.892165
-0.446326 -0.589158 0.643641
0.031218 -0.773035 0.460981
0.182798 -0.697254 0.754841
0.112527 -0.736381 0.920778
-0.083378 -0.619025 0.776987
-0.992097 0.765375 -0.301922
-0.967077 0.879694 -0.477715
-0.236562 0.740124 -0.699183
-0.490119 -0.672084 -0.622306
-0.157995 0.258915 0.155186
-0.298359 0.292752 0.184296
-0.650691 -0.726223 -0.541228
-0.414577 -0.908213 -0.392618
-0.159492 -0.839706 -0.300588
-0.680810 0.840100 0.014636
-0.718047 0.642161 0.052073
-0.310210 0.618505 0.125150
-0.498053 0.048699 -0.461528
0.421955 0.813006 -0.093230
0.547047 -0.322818 -0.067068
0.337518 -0.601012 -0.334069
0.179338 0.155317 -0.582675
0.353376 -0.314268 -0.634911
0.248989 -0.578648 -0.744106
0.165479 -0.790151 -0.831462
-0.080397 0.422941 -0.192015
-0.665416 0.048411 0.882994
-0.211152 0.466667 0.729716
-0.195818 -0.022770 1.037448
-0.050679 0.397832 0.732052
0.090932 0.879751 0.348210
0.109265 0.776766 0.433780
0.056048 -0.569148 -0.045107
0.379217 0.311479 -0.219933
0.900191 0.422376 -0.008827
0.686441 0.307980 0.033303
-0.738051 -0.088183 -0.127028
0.200113 -0.788478 0.287235
-0.241974 -1.076777 0.037558
-0.506666 -1.040001 0.070411
-0.718420 -1.010576 0.096693
-0.608448 -0.838379 -0.020552
-0.589776 -0.739076 -0.327655
-0.613760 -0.746635 0.180739
-0.578665 -0.368416 -0.453480
-0.598425 -0.232511 0.525039
-0.973471 -0.348345 0.299736
-1.091864 -0.457253 0.003612
-0.982129 0.269669 -0.297881
-0.639706 0.657401 -0.322303
-0.572748 0.630485 0.391996
-0.631598 0.771781 0.630502
-0.394570 0.424828 0.426064
-0.402369 -0.343213 0.566087
-0.996635 -0.029099 -0.302407
-1.110395 0.095458 -0.201561
-0.752532 0.162840 -0.089647
-0.775425 0.249010 0.106917
-0.566876 -0.058873 0.432853
-0.717204 -0.314211 -0.249069
-0.747162 -0.429947 -0.158891
-0.566475 -0.532011 -0.194813
-0.926100 -0.394340 -0.052025
-0.264155 -0.920172 0.441507
-0.977404 -0.330064 0.047999
-1.374385 -0.293970 -0.197777
-1.133220 -0.265094 0.158684
-0.262272 -0.518192 0.603633
-0.038557 0.190385 0.677495
0.266615 -0.591391 -0.090034
-0.034616 -0.341062 0.612590
-0.115053 -0.350062 0.400432
-0.482002 -0.710099 0.889777
-0.559000 -0.598000 1.028727
-0.620600 -0.508319 1.139887
-0.390504 -0.436573 0.952274
-0.087773 -0.584173 0.337022
0.175445 -0.497256 0.448253
0.386019 -0.427723 0.537237
0.561471 -0.531101 0.747382
0.381899 -0.305861 0.674170
0.411495 -0.423265 0.856241
0.435171 -0.517189 1.001898
0.391806 -0.694420 0.576216
0.563841 -0.201504 0.693660
0.278395 -0.243675 0.639528
0.468379 -0.224859 0.828528
-0.617698 -0.296702 0.742103
-0.469130 -0.790540 0.387620
0.281605 -0.165954 0.277925
-0.656415 -0.325136 0.030228
-0.535414 -0.463196 0.756557
-0.255471 -0.649679 0.246478
-0.265688 -0.035262 0.640690
-0.584164 -1.071511 0.204778
-0.640731 -1.184442 0.342457
-0.343985 -0.952962 0.111786
-0.308899 -0.940946 -0.008477
-0.799320 -0.570066 0.523858
-0.212134 -0.793009 0.167594
-0.700814 -0.306096 -0.084648
-0.316168 0.053883 0.900833
-0.445285 -0.836272 0.957934
-0.389940 -0.847594 0.806712
-0.205976 -0.856651 0.824004
-0.058805 -0.863898 0.837838
-0.080756 -0.721039 0.710635
-0.112365 -0.663981 0.527462
0.007092 -0.895043 0.410232
0.832600 -0.103017 -0.047960
0.361722 -0.055187 0.670740
0.827340 0.131962 0.116371
0.628160 0.075651 0.410003
-0.426304 -1.124311 0.273373
-0.476565 -0.319201 0.722862
-0.439373 -0.105810 0.032565
0.406496 -0.745336 0.146359
0.291485 -0.626190 0.157452
0.405244 -0.603274 0.173425
0.701550 -0.707533 0.183647
0.806903 -0.744605 0.187282
0.811402 -0.965620 0.470918
0.894785 -1.099730 0.693640
0.821804 -1.207018 0.318735
0.763418 -1.292847 0.018812
0.297648 -1.064196 0.055414
0.046001 -0.734940 0.108120
0.443513 0.128743 0.717932
0.485659 0.141567 0.405231
0.355042 -0.932286 0.268775
-0.168741 -0.775747 0.393655
-0.643613 -0.698991 0.711753
-0.688290 -0.737769 0.886307
-0.635881 0.450830 0.888851
-0.160806 -0.410875 0.589722
-0.829179 0.010965 0.111818
-0.094523 0.176180 0.992338
-0.372614 -0.208685 1.205526
-0.331803 -0.048212 1.143056
-0.299154 0.080166 1.093079
-0.454231 0.507016 0.831289
-0.602827 0.538218 1.102455
-0.087158 -0.374286 0.852871
0.036249 -0.478005 0.860932
0.274663 -0.412325 0.867380
0.525543 -0.522540 0.350428
0.526410 -0.745263 0.458977
0.400006 -0.707509 -0.239563
-0.052537 -1.189318 0.232874
0.063946 -1.130031 0.226663
0.418689 -0.818052 0.474034
0.310912 -0.319408 0.429687
0.641177 -0.258274 0.098768
0.852547 -0.219151 0.384755
0.332602 -0.855572 0.106614
0.372057 -0.714377 0.402197
-0.446075 -0.205255 0.464176
-0.500277 0.357540 -0.185170
-0.555868 -0.380712 0.043310
0.500021 -0.462331 0.244920
0.263154 0.588164 0.312381
0.567665 -0.376823 0.583546
0.687720 -0.460423 0.018403
0.882335 -0.080945 0.582208
-0.742800 -0.125974 0.837202
-0.261421 -0.286159 0.864516
0.525110 0.003934 0.312999
0.084721 -1.078145 0.086866
-0.105622 -1.189748 -0.028413
-0.128279 -1.082878 0.054471
0.163546 -1.212470 -0.408090
-0.188471 -0.932197 -0.136305
-0.620403 -0.203116 -0.098995
0.363873 -0.869602 0.620055
0.473890 -0.338346 0.254115
0.160775 -0.940174 0.611360
0.042215 -1.190731 0.961700
0.279435 -0.833848 1.086265
0.469211 -0.548343 1.185917
0.201970 -0.468595 0.989098
-0.068248 -0.848086 0.604907
-0.227998 -1.154360 0.386020
-0.355798 -1.399379 0.210909
-0.597725 -1.446735 0.070821
-0.791267 -1.484620 -0.041250
-0.514138 -0.964004 -0.216316
-0.168633 -0.507373 0.034866
-0.317010 0.191818 1.072331
-0.263567 0.336491 1.007835
-0.367665 -1.039570 0.519705
-0.884548 -0.554152 -0.155278
-0.878230 -0.140930 0.222165
-0.875983 -0.439979 0.494637
-0.874186 -0.679217 0.712615
-0.733061 -0.721953 0.610456
-0.620701 -0.759732 -0.144358
-0.786291 -0.314090 0.031750
-0.994860 -0.120648 0.132160
-0.871000 0.227948 0.304425
-1.009887 0.301095 0.422175
-0.707009 0.138843 0.342847
0.129973 0.153775 0.912841
-0.841932 -0.759902 0.376928
-0.986633 -0.786501 0.203636
-0.823018 -1.105093 -0.211538
-0.692126 -1.359964 -0.543678
-0.727100 -1.563864 -0.256308
-0.755080 -1.726980 -0.026411
-0.637776 -1.560161 0.157506
-0.543932 -1.426705 0.304639
-0.608545 -1.319941 0.145805
-0.660236 -1.234530 0.018738
-0.422213 -1.314858 0.055355
-0.231795 -1.379118 0.084648
0.060227 -1.281873 0.246353
0.293845 -1.204075 0.375717
0.096117 0.172717 0.706662
-0.170349 -0.845118 0.292730
-0.281246 -0.890265 -0.325578
0.466910 -1.126507 0.023485
-0.391031 -0.988577 -0.120112
0.097304 -0.976959 0.152613
-0.228803 0.254259 0.288792
0.572120 -0.180122 -0.420879
-0.198796 -0.048971 0.745789
-0.752281 -0.540540 0.198346
0.143440 0.037994 0.660090
0.229181 -0.686853 0.468792
-0.418003 -0.733571 0.560060
0.172539 -0.534885 0.301640
0.172307 -0.272909 0.690869
0.021657 -0.496103 1.012586
-0.156073 -0.575461 1.126974
-0.298258 -0.638945 1.080214
-0.412006 -0.689736 1.042806
-0.363317 -1.027680 0.874609
-0.324365 -1.298035 0.740052
-0.293204 -1.068349 0.632406
-0.531120 -0.604512 0.779507
0.677044 -0.028905 0.636403
0.647611 0.095612 0.826028
0.624064 0.195228 0.977727
0.325852 -0.022397 0.822546
-0.757077 -0.318722 0.205637
-0.452821 -1.165240 -0.001427
-0.256281 -1.259424 -0.099048
0.111350 -0.367462 -0.361578
0.127117 -0.760239 0.562173
0.263377 0.787199 0.896004
0.456365 0.748495 0.618896
0.610755 0.717532 0.397211
-0.403016 -1.005766 0.628185
-0.495812 -1.131846 0.542912
-0.570049 -1.232711 0.474694
-0.769126 -1.313401 -0.132963
-0.928388 -1.377953 -0.619088
-0.916110 -1.132280 -0.454906
-0.906287 -0.935745 -0.323561
-0.640705 -1.187897 -0.134423
-0.653450 -0.959283 0.548087
-0.981764 -0.400215 0.921206
-0.689010 -0.577576 0.662227
-0.362596 0.403970 0.804901
-0.463476 0.441911 0.960827
-0.544180 0.472265 1.223837
-0.608744 0.496550 1.434245
-0.660394 0.367320 1.326031
-0.701715 0.263937 1.239459
-0.455396 0.181230 1.308473
-0.258341 0.115066 1.363684
-0.100697 0.062133 1.269582
0.025418 0.019787 1.194300
0.203123 -0.511181 -0.600591
-0.109463 -1.155976 -0.275291
-0.153067 -0.961857 0.382980
0.059937 -0.459071 -0.691097
-0.100288 -0.264103 -0.163891
-0.099856 1.029673 0.221112
0.126848 0.605137 -0.532494
-0.704689 0.033658 0.744644
-0.923583 -0.567151 0.479747
-1.051953 -0.780955 0.424162
0.114208 -0.482958 0.561168
-0.542921 -0.928722 0.484084
-0.328361 -1.218868 0.427632
-0.363523 0.248246 0.664376
-0.044656 -0.853339 0.181284
-0.272775 0.299028 -0.300194
0.313547 -0.255570 0.806165
0.496501 -0.383034 1.100108
-0.019289 -0.115062 1.054544
-0.068701 0.247309 0.502362
0.845720 0.089722 -0.241896
0.732017 0.003568 -0.331045
0.073134 -0.692598 -0.695801
0.333454 -0.227343 0.162900
-0.530087 0.183788 -0.332209
-0.443083 -0.094971 0.377715
-0.343326 -0.671313 0.832526
-0.280410 -0.483494 1.103246
-0.240144 -0.363288 1.027620
-0.700755 -0.504710 1.037843
-0.002112 -0.040243 0.536608
-0.627488 0.165816 0.787135
0.601129 -0.797283 0.213106
0.586879 -0.816404 0.072578
-0.129629 -0.613419 0.227886
-0.710078 0.328177 0.572704
-0.741462 0.678592 0.775068
-0.766569 0.958922 0.936960
-0.507279 1.034528 0.789932
-0.299848 1.095017 0.672310
-0.273590 0.994752 0.578212
0.383161 0.026254 -0.277520
-0.794724 -0.014615 -0.341864
-0.072989 0.743834 0.358082
0.443942 0.244577 0.443078
0.359226 0.250256 0.163991
0.163706 -0.237501 0.804864
0.090961 -0.824909 0.687566
-0.144679 -0.827649 -0.156439
-0.342794 -0.213537 -0.114738
0.517840 -0.232191 0.386581
0.799623 -0.364332 0.349629
0.885361 -0.172729 0.181797
0.953952 -0.019446 0.047531
-0.668687 -0.552877 -0.249879
-0.785769 -0.143528 -0.391370
-0.323654 0.771160 0.005636
-0.247968 0.470487 0.239645
0.480590 0.180499 0.564649
0.507456 0.368757 -0.180933
1.018403 0.182148 -0.292028
-0.310397 -0.116223 0.536741
-0.103112 -0.508851 0.189303
0.019168 -0.906837 -0.440457
-0.845979 -0.727344 -0.220544
-0.101393 -0.496477 0.926279
-0.114826 -0.724413 0.919658
0.225562 -1.103583 -0.097206
0.146738 -1.210099 0.100870
-0.195696 -1.146655 0.259331
-0.469644 -1.095902 0.386099
-0.109816 -1.290395 0.568646
-0.050171 -0.716237 1.126676
-0.344228 -0.244666 1.042615
0.835639 -0.894954 0.138036
-0.942208 -0.057172 0.474766
-1.066854 -0.224315 0.558447
-0.519904 0.002066 1.201257
-0.001755 -0.690426 0.907346
0.244259 -1.028232 0.766241
-0.126958 -0.311155 -0.048794
-0.393765 0.038843 -0.259710
0.133911 -1.072599 0.460073
0.073417 -1.333971 0.546693
0.382493 -0.202093 0.986088
0.548335 0.517380 0.312695
0.824018 0.383984 0.428790
1.044565 0.277269 0.521667
0.801940 0.340550 0.595968
0.607841 0.391178 0.655409
0.702308 -0.566400 -0.133047
0.528134 -0.929010 -0.066074
0.277325 -1.302513 -0.107902
0.256494 -1.125314 -0.245289
0.379976 0.033098 0.114410
0.133546 0.290503 0.668219
0.352500 0.351138 0.713210
0.343019 -0.134175 0.834203
0.270601 -0.704622 0.578891
0.122695 -0.236790 0.976245
-0.377968 -0.245933 -0.394085
0.449385 0.473187 -0.443849
0.478362 0.248985 0.286366
-0.407872 -0.504929 0.774016
-0.360009 -0.582521 1.212659
-0.126894 -0.157189 0.995911
0.087302 -0.597951 0.611586
0.173202 -0.538470 0.841421
0.222863 -0.041299 0.961575
-0.202237 -0.270181 0.717765
0.523855 -0.113885 0.479887
0.525060 -0.269685 0.562544
0.051091 0.430837 0.667160
0.223454 0.489462 0.748525
0.802340 -0.427723 0.798537
-0.846949 -0.099672 0.727970
-0.850959 -0.258314 0.899281
-0.919888 -0.512719 0.325550
0.149831 -0.964479 0.042712
-0.209935 0.350488 1.155863
0.077715 0.399127 1.103325
0.307835 0.438038 1.061295
-0.115104 0.226491 1.249659
-0.482028 -0.468421 0.600043
-0.786635 -0.541202 0.331425
-0.802708 -0.462879 0.028963
0.532526 -0.447814 0.034809
0.226173 0.585224 0.046372
-0.404788 -0.803547 -0.393724
-0.596098 -1.004950 -0.052070
-0.057218 -0.722915 0.151590
-0.586541 -0.543455 -0.716809
-0.938942 0.133497 -0.883876
-0.348613 -0.720000 0.020212
-0.148889 0.107856 0.662942
-0.286968 -0.254169 0.608497
-0.379216 -0.940337 1.016275
-0.337085 -0.930845 1.129925
-0.916804 0.285619 0.733838
-1.186218 0.495888 0.765706
0.389468 0.234911 0.883683
0.808321 -0.534804 0.283413
0.708082 -0.128548 0.502927
0.672441 0.164553 0.304436
0.643929 0.399033 0.145642
-0.027824 -0.425210 -0.105765
-0.127639 0.500402 0.903284
0.143552 0.519060 0.901262
0.360505 0.533984 0.899644
0.394379 0.397267 0.898350
-0.810246 -0.928503 0.519752
0.371692 -0.736405 0.270389
-0.462701 -0.765967 0.199609
-0.822935 -0.940008 0.338321
-0.716403 -0.463005 -0.551700
0.029133 -0.884736 0.980495
0.408657 -1.035023 1.101301
0.432901 -0.857938 0.921405
0.452297 -0.716269 0.777488
0.526225 -0.315645 0.727873
0.367462 -0.485195 0.168405
-1.144701 0.241045 0.154466
-1.089160 0.311573 0.302208
0.462037 -0.029246 -0.513305
-0.987267 -0.686386 0.827927
-0.611287 -0.207508 0.262071
0.405225 -0.639364 0.010844
0.585629 -0.689265 0.337785
-0.407663 -0.133420 0.775686
-0.049500 -1.068316 0.622490
0.019536 -0.208438 -0.808714
0.364610 -0.258461 1.142257
0.376720 -0.306855 0.935680
0.774056 0.000901 -0.024104
-0.796006 -0.614096 -0.023878
0.157104 0.767266 0.293154
-0.505886 0.289123 0.562464
-0.844146 0.170164 0.635357
-0.862205 -0.582269 0.143629
-0.141119 0.962880 -0.149447
-0.006920 0.740384 -0.079194
0.275279 -0.279226 -0.055018
0.536885 0.373746 -0.068309
0.058337 -0.631139 0.459086
-0.360753 -0.716099 -0.182036
-0.190994 -0.651234 0.675735
-0.251489 -1.430647 0.265528
-0.514278 -1.620406 0.252786
-0.445134 -1.623556 0.380864
-0.389819 -1.626077 0.483326
-0.345567 -1.182124 0.565295
-0.171779 -0.335638 0.277515
0.002729 -0.620998 0.109175
-0.797048 0.343351 -0.439338
-0.595109 0.192228 0.415179
0.501048 -0.872598 0.729622
0.360413 -0.818787 -0.176634
-0.161572 -0.929668 0.485405
0.604299 0.239319 0.416064
-1.320450 -0.108514 0.257289
-1.090072 -0.116731 0.522737
-0.858122 -0.368481 -0.247011
-1.001005 -0.676193 -0.085432
-1.113891 -0.719533 -0.027981
-0.056523 0.800470 0.506536
-0.669957 -0.061495 0.234202
-0.646602 -0.476235 0.215084
0.524072 0.256958 -0.612052
-0.028275 0.161638 -0.230312
0.365823 -0.373981 0.056511
0.050324 -1.215507 0.709765
0.006547 -1.002323 0.469905
-0.581780 -0.853777 0.250587
0.368884 0.486445 -0.316920
0.540770 0.210577 -0.351442
0.648599 -0.186670 -0.539425
0.842101 0.003861 -0.603570
0.729701 -0.051383 0.184145
0.868845 -0.316184 0.092394
0.920156 -0.485414 -0.340774
-0.349237 -0.823504 0.013658
-0.379507 0.327896 1.238058
-0.337317 0.529709 1.307352
0.189606 0.022019 0.772823
0.060667 -0.307347 0.816149
0.859335 -0.607573 -0.702007
0.933131 -0.367320 -0.382971
0.992168 -0.175120 -0.127742
0.899710 -0.467329 0.076441
-0.181917 -1.322397 0.256409
-0.125015 -0.109890 0.514650
-0.733607 -0.331384 0.620938
-0.705050 0.307704 -0.044300
0.601899 0.088143 -0.398918
0.417374 -0.181015 -1.018645
-0.409365 0.734493 0.358536
-0.061134 -0.023120 -1.005838
-0.082619 -0.048415 -1.179118
0.179568 -0.217308 -0.902930
0.093608 0.722476 -0.793129
-0.000772 0.408529 -0.434947
-0.544232 -0.194428 -0.204431
-0.372073 0.372272 0.661602
-0.182544 -0.115265 1.151711
0.640238 -0.252720 0.573564
0.656201 -0.208698 -0.001511
0.186648 -1.130896 0.221025
0.516182 -0.937446 0.460540
0.120566 -0.915703 0.472556
0.407606 -0.610175 0.347437
0.958481 -0.288920 -0.233813
0.285547 -0.556202 0.314518
-0.844473 -0.747118 0.849795
-0.393155 -0.884971 0.543651
-0.272815 0.548789 -0.002695
0.499238 -0.909979 -0.184031
-0.353017 0.665861 0.557606
0.573335 -0.296824 0.902340
0.197820 0.394795 0.644304
0.019027 0.224270 0.854246
0.067173 0.255887 0.397593
-0.976948 -0.134317 0.666417
0.541876 -0.639908 0.480249
1.037668 -0.521683 0.315865
-0.320870 -1.100745 0.274821
-0.726165 -0.742113 0.347235
-0.637177 -1.063973 0.543773
-0.220817 -0.676351 0.888330
0.605098 -0.392627 0.230058
-0.013548 0.069383 0.622591
-0.120411 -0.968275 -0.675403
-0.012426 0.101609 -1.081797
0.096035 0.200022 -1.239885
0.000781 0.074161 -1.218645
-0.284348 -1.226216 0.056184
-0.261190 -1.456864 -0.052959
-0.382351 -1.046756 -0.002003
0.141756 0.286021 0.209580
-0.535788 -0.116905 -0.420036
-0.185354 -0.698870 1.177274
-0.937596 -0.481598 0.135996
-1.063164 -0.415199 0.149161
-0.796919 -1.098017 0.731904
0.336950 -0.637468 0.817406
-0.905952 -0.657924 0.353400
-1.026630 -0.772584 0.080320
-1.134391 -0.796646 0.104620
-0.564164 -0.682213 0.002720
-0.548208 0.190985 -0.222152
-0.891341 0.420180 -0.275628
0.210816 0.819327 0.424329
-0.060759 -1.154498 0.340324
-0.082319 -1.250834 0.450894
-1.175206 -0.417428 0.907610
-0.834189 -0.512520 0.904723
-0.001769 -0.328197 1.269459
0.104561 -0.292476 1.194202
0.132976 0.031007 1.217408
0.491731 0.143545 1.152561
0.778736 0.233571 1.100683
0.449589 0.305593 1.059181
0.186272 0.363211 1.025980
0.254993 0.111993 0.999419
0.353952 -0.101105 0.961171
0.567309 0.123494 0.262003
-0.118585 -1.182989 0.634646
-0.500924 -0.624327 0.350010
-0.448141 0.072972 0.220137
-0.292198 -0.061280 -0.548257
0.783712 0.097780 0.709224
0.416229 -0.320942 0.547359
0.739050 0.140804 -0.279648
0.688937 -0.261136 -0.158817
-0.806680 -0.211247 0.673939
-0.048877 -0.197818 0.119170
-1.235271 -0.093315 0.592559
-1.301304 0.044084 0.652681
-1.074755 0.154002 0.700780
1.005320 0.045241 0.322246
0.910232 0.154928 0.436431
-0.197101 -0.166944 0.719935
0.405512 -0.311110 -0.248790
0.618120 -0.551789 -0.417187
0.701304 -0.773961 0.528641
0.806706 -0.946402 0.601547
0.751341 -0.787041 0.659872
0.707048 -0.659552 0.706533
-0.972300 -0.600282 0.608876
-1.090927 -0.361490 0.665735
0.028950 -1.020815 -0.478430
0.251784 -0.973078 0.164898
0.603336 -0.944210 0.178190
-0.246842 -0.758254 0.048974
-0.203034 -0.802362 0.718854
-0.420931 -0.586361 -0.205292
-0.046384 -0.444026 0.604576
-0.341046 -0.062551 0.912712
-0.812438 -0.044015 0.573036
0.632016 0.456380 0.032365
0.024911 -0.728858 0.569235
-0.982639 -0.740099 -0.308008
-0.525439 0.340928 0.345810
-0.086212 -0.903824 -0.479805
-0.204904 -0.614896 -0.225750
0.732132 -0.889218 0.363909
0.659321 -0.622955 0.554444
0.582898 -0.707395 0.097369
0.491642 -0.843774 0.332325
0.638977 -1.150910 0.167954
0.674599 0.525877 -0.256082
0.052470 1.111073 0.081785
-0.023718 0.834815 -0.241483
0.268133 -0.658724 0.269736
-0.360108 -1.275885 0.322224
-1.050616 0.461523 0.346095
-1.153580 0.487956 0.317240
-0.362595 0.559040 0.577022
-0.711804 0.571511 0.552566
-1.022218 0.575944 0.482417
-0.700325 0.790735 0.274309
-0.456443 -0.154392 -0.879101
-0.979921 -0.300405 -0.558558
0.199958 -1.325929 0.288504
0.405630 -1.090661 0.271167
0.282734 -0.900536 -0.030338
0.334462 -0.991719 -0.395699
0.198398 -0.323277 -0.699985
-0.807865 -0.609079 -0.255707
-0.830701 -0.028758 0.471506
-0.047175 -1.114820 0.820022
-0.235752 0.414237 0.544017
-0.771470 -0.675961 -0.530028
-0.805860 -0.754056 0.480098
1.153616 -0.235710 -0.010899
1.028869 -0.069830 0.169916
0.771408 0.040450 0.455966
-0.374429 -0.614742 0.374280
0.832665 0.006390 0.337870
0.029706 -0.349774 1.056119
0.849489 -0.377550 -0.275964
-0.629307 0.303673 0.791057
0.299573 -0.214097 -0.349237
-0.116716 -0.616366 0.095343
-0.030635 0.083823 0.812018
0.660009 -0.339207 -0.006744
0.613162 -0.806109 -0.180548
0.596505 -0.674808 -0.242344
0.016033 0.521594 -0.335748
0.319407 0.467828 -0.605741
0.779764 -0.659735 0.080456
-0.417032 0.265727 -0.819967
-0.682956 0.551814 -0.290147
-0.928929 0.408691 -0.446085
-1.056230 0.594346 -0.593044
0.075369 0.355486 -0.948235
-0.291820 0.143922 -1.031989
-0.546543 -0.063440 -1.061768
0.306201 -0.464146 -0.839804
0.386725 -0.350911 -0.962593
0.186823 -0.010855 -0.792291
0.471122 -0.603785 -0.357179
0.768810 0.205068 -0.017193
0.740962 -1.043894 -0.365711
0.139995 -0.716379 -0.252204
0.204180 0.271675 -0.656258
0.409007 0.336077 -0.761184
0.293494 0.387597 -0.983394
0.406530 0.313132 -0.888566
0.283310 0.146549 -0.634297
0.367802 0.602299 -0.002514
-1.172196 -0.436451 -0.338500
-0.743884 -0.593778 -0.412203
-0.366391 0.048464 -0.489872
-0.597738 0.631991 0.277423
0.767955 -0.392798 0.200171
0.209354 0.250276 -0.926433
0.304308 0.269202 -1.050605
0.489109 0.185444 -1.076661
0.106705 0.236011 -1.066683
0.119360 0.097192 -0.941871
-0.061850 -0.266933 -0.654702
-1.047431 0.382125 -0.516507
-0.145459 0.149301 -0.854611
0.400670 -0.338866 -0.796808
0.776769 0.604654 -0.509700
0.594824 0.022511 -0.698967
0.721522 -0.011911 -0.657080
0.551643 -0.140155 -0.803450
0.686978 -0.142042 -0.878937
0.034886 -0.102031 -0.140585
0.213083 0.416007 -0.515093
0.439878 0.023282 -0.397465
-0.213438 -0.212733 -0.546216
0.284037 0.850529 -0.441517
-0.763347 1.026238 -0.243613
-0.923764 1.237039 -0.292797
-0.834599 1.071739 -0.527074
-0.980766 1.124782 -0.657836
-0.958013 1.018562 -0.485905
-0.939809 0.933585 -0.348359
-0.072106 1.268071 -0.521307
-0.758456 0.054691 -0.463972
-0.558890 -0.067398 -0.075686
-0.579876 0.419234 -0.638596
0.178723 -0.083454 -0.501345
-0.011887 0.202429 -1.104134
0.284869 0.710322 -0.446758
-0.646630 -0.043552 -0.880186
0.282796 -0.286099 -0.911651
-0.339384 0.136529 0.433365
-0.020329 -0.610305 -0.846396
-1.059684 0.500784 -0.177936
0.464729 0.074693 -0.844863
0.669450 -0.247357 -0.841801
0.174690 -0.457224 -0.723420
-0.195771 -0.410713 -0.427902
0.557230 0.246006 -0.506770
0.745032 0.052950 -0.498358
0.586280 -0.019438 -0.552684
0.574999 -0.045468 -0.401783
0.296922 -0.010620 -0.861764
0.064139 -0.038416 -1.063859
-0.603334 0.550584 -0.514559
0.342374 0.247922 -0.436021
0.608124 0.682794 -0.195456
0.732163 0.516316 0.022270
-0.105310 0.500260 0.787975
-0.599908 -0.570918 -0.574117
-0.757597 -0.418503 -0.275291
-0.796981 -0.321697 -0.601304
-0.822186 -0.527326 -0.561066
0.271341 -0.079618 -0.315771
0.967770 0.303393 -0.517796
1.019879 0.658765 -0.788684
1.061567 0.943061 -1.005394
0.955229 0.724531 -1.040492
0.870159 0.549707 -1.068570
0.802103 0.409844 -0.814492
0.565573 0.384045 -0.494337
-0.538789 0.769349 0.496257
-0.476392 0.830584 -0.414390
-0.173669 0.049385 -0.331235
0.171721 -0.523234 -0.845836
-0.111923 0.659276 -0.474053
0.857589 -0.117896 -0.792820
0.792047 0.173074 -0.732162
0.739613 0.405854 -0.683636
-0.208641 0.902692 -0.400940
-0.177174 0.218230 -0.732325
0.429378 -0.804254 -0.514486
-0.335981 0.559231 -0.823307
-0.302497 0.714775 -0.894823
0.849792 -0.495750 -0.730348
0.483186 -0.103553 -0.643654
0.105762 0.709827 -1.023224
0.584056 0.546836 -0.592161
0.313115 0.028535 -1.052989
-0.995566 0.040824 0.783734
-0.563624 0.505485 -0.064221
0.277270 -0.585610 -1.121642
0.327791 -0.647065 -0.856950
-0.689732 0.266921 -0.689994
-0.753547 0.384557 -0.866715
-0.636549 0.575039 -0.653007
-0.542951 0.727425 -0.482042
-0.180276 -0.092044 -0.972775
-0.678933 0.154818 -1.047694
-0.437171 0.242591 -1.074332
-0.243761 0.312811 -1.095642
0.291385 1.118266 -0.022852
-0.268987 1.510459 -0.265657
-0.388589 1.178446 -0.172161
-0.119177 1.333102 -0.238545
-1.030156 0.224027 0.562712
-0.060832 -0.234257 -0.934550
-0.222399 0.388953 -0.873308
-0.071943 0.281243 -0.934823
-0.465072 0.121326 -0.663606
-0.358327 0.558954 -1.098713
0.524261 0.124683 -0.545228
-0.225467 0.860139 -0.776087
-0.353773 0.806848 -0.718776
0.616441 0.310464 -0.824551
0.878504 0.218453 -0.895817
0.948466 -0.003816 -0.814560
1.004436 -0.181632 -0.749555
0.168102 -0.201691 -0.485643
-0.000501 1.127717 -0.147769
-0.020752 0.990745 -0.628181
0.074430 1.017644 0.379246
-0.893746 0.767339 0.274494
0.059512 0.721798 -0.576349
0.399729 0.224928 -0.603941
0.463242 0.190815 -0.824650
0.207856 0.633160 -0.925241
-0.007114 0.922576 -0.838099
0.176713 0.482597 -1.005378
0.421695 0.631951 -0.842138
0.303644 0.624298 -0.771617
0.424349 0.870434 -0.469468
0.305768 0.666429 -0.611751
-0.342554 0.047648 -0.598956
0.588820 0.144158 -0.660670
-0.030138 -0.428754 -1.165690
0.081865 -0.372922 -1.168729
0.171468 -0.179602 -1.032889
-1.207172 -0.086738 -0.303199
-1.278825 -0.099311 -0.617006
-0.841695 0.347314 -0.997768
-0.599366 0.436009 -0.814802
0.065977 0.857074 -0.732633
0.158757 0.953051 -0.960554
-0.210515 0.288514 -1.288760
-0.062436 0.349546 -1.128914
-0.021507 0.964325 -0.075069
-0.074446 1.098475 0.024611
-0.528486 0.255741 -0.960468
0.637516 -0.947904 -0.256947
-0.473933 0.368099 -0.638700
-0.734525 0.097890 -0.219811
-0.560163 0.476966 -1.081668
0.350483 0.429314 -0.194866
0.347767 0.164780 -0.979775
0.664765 0.051606 -1.052174
0.543083 0.378918 -0.660760
-0.407049 0.145518 -0.925469
-0.321192 -0.228310 -1.017418
-0.453586 -0.360244 -0.986271
-0.272908 0.007096 -0.723983
-0.057248 0.945935 -0.495301
0.289391 0.930622 0.075568
-0.461076 1.038734 -0.407911
-1.042350 -0.287958 -0.373894
0.535525 0.543313 -0.088159
0.502083 0.628431 -0.718696
0.787017 0.472825 -0.949404
0.735589 0.199681 -0.995700
0.635202 0.201674 -1.086070
0.597286 0.075217 -0.871316
0.723492 0.030252 -0.794959
0.824456 -0.005716 -0.733874
-0.193215 0.367076 -0.746236
-0.181183 1.107963 -0.781358
-0.809867 0.548172 -0.664791
-0.295759 -0.089653 -0.440994
0.089298 0.490322 -0.626194
0.150520 0.389331 0.068227
-0.552737 0.548083 0.168982
0.022929 0.693182 0.621126
-0.294743 0.673282 0.398994
-0.065570 0.728010 -0.689382
-0.354084 0.412069 -0.617436
-0.061190 -0.027979 -0.705035
-1.029936 -0.182472 -0.511376
0.262745 0.885824 -0.041475
